9.817735e-03
4.949830e-03
2.000073e-03
3.322582e-03
4.678479e-03
6.354065e-03
3.359906e-03
6.425588e-03
7.400942e-03
2.995721e-03
2.056759e-03
3.670083e-03
3.869005e-03
4.817501e-03
5.570725e-03
1.769642e-03
3.362340e-03
8.209132e-03
1.262982e-03
9.359687e-03
7.572978e-03
5.397481e-03
6.206726e-03
3.135552e-03
5.129639e-03
9.667797e-03
5.921251e-03
5.690222e-03
3.084349e-03
5.400080e-03
6.616541e-03
7.112220e-03
4.559637e-03
4.306930e-03
9.891838e-03
1.339650e-03
8.966512e-03
9.219581e-03
8.165655e-03
1.888411e-03
3.356841e-03
4.018212e-03
7.117552e-03
2.228978e-03
7.491047e-03
1.960857e-03
6.883816e-03
5.447565e-03
8.011466e-03
7.435334e-03
9.133485e-03
9.018303e-03
4.007467e-03
7.288712e-03
2.780288e-03
1.274869e-03
7.696668e-03
5.500202e-03
5.319299e-03
9.142500e-03
6.488800e-03
6.558998e-03
8.734981e-03
8.249405e-03
6.190494e-03
2.646302e-03
3.159388e-03
8.978607e-03
1.258067e-03
5.409112e-03
2.511344e-03
9.808126e-03
7.414250e-03
5.504245e-03
5.239795e-03
1.536570e-03
7.137747e-03
1.381880e-03
1.643009e-03
5.694849e-03
1.870570e-03
8.363337e-03
8.357924e-03
7.501956e-03
2.348789e-03
6.936447e-03
5.667354e-03
9.756771e-03
6.840923e-03
8.202975e-03
5.084179e-03
4.891524e-03
8.427824e-03
1.751228e-03
2.198539e-03
2.560498e-03
4.518440e-03
8.482418e-03
8.230280e-03
1.544241e-03
4.593320e-03
5.741882e-03
4.751195e-03
6.911739e-03
6.651760e-03
3.627857e-03
4.884861e-03
1.139384e-03
9.856574e-03
2.504516e-03
1.955947e-03
4.351688e-03
2.783066e-03
5.407189e-03
4.055441e-03
9.564674e-03
9.282988e-03
1.474093e-03
7.640723e-03
3.422075e-03
4.805521e-03
5.930838e-03
9.484633e-03
4.759697e-03
9.847472e-03
3.713095e-03
7.309889e-03
6.997050e-03
5.852138e-03
7.282950e-03
6.998751e-03
2.603192e-03
2.152130e-03
9.991724e-03
2.540090e-03
1.293407e-03
6.050798e-03
8.936799e-03
7.022578e-03
2.713899e-03
4.320249e-03
5.146533e-03
9.834742e-03
2.407645e-03
8.699705e-03
6.802881e-03
4.386450e-03
2.718313e-03
4.854277e-03
5.338199e-03
2.085505e-03
6.305567e-03
3.035689e-03
4.461572e-03
6.246877e-03
3.266255e-03
3.613966e-03
6.553818e-03
3.387528e-03
8.419386e-03
9.843971e-03
7.572239e-03
4.094893e-03
6.256624e-03
1.969921e-03
9.156773e-03
8.916884e-03
8.359845e-03
3.346552e-03
6.349206e-03
1.202613e-03
4.827334e-03
3.814470e-03
2.453363e-03
2.608896e-03
4.805971e-03
1.848064e-03
6.386713e-03
5.238318e-03
7.263544e-03
7.298991e-03
6.746777e-03
1.302435e-03
1.619255e-03
3.876398e-03
5.777779e-03
6.890011e-03
4.668573e-03
8.379831e-03
7.465230e-03
9.717844e-03
5.782005e-03
3.926311e-03
1.950663e-03
6.498628e-03
8.009220e-03
4.811076e-03
1.817410e-03
3.398243e-03
2.382910e-03
3.529048e-03
4.960766e-03
5.744285e-03
5.116819e-03
8.878344e-03
5.662469e-03
9.492604e-03
6.739382e-03
9.619245e-03
3.166363e-03
7.085101e-03
3.601581e-03
7.046273e-03
7.256264e-03
1.611935e-03
3.293111e-03
3.016360e-03
7.010495e-03
8.599529e-03
4.100162e-03
8.024677e-03
7.077989e-03
1.060438e-03
6.419534e-03
4.480941e-03