1.666503e-01
1.830425e-01
4.285763e-02
1.844077e-01
1.338247e-01
3.755727e-02
7.012968e-02
1.184387e-01
1.923512e-01
1.936799e-01
4.837035e-02
1.947067e-01
1.922901e-01
1.073676e-01
1.640505e-01
4.553954e-02
9.591703e-02
1.848324e-01
1.625973e-01
1.927086e-01
1.380333e-01
2.642810e-02
1.728433e-01
1.881188e-01
1.421723e-01
1.563932e-01
1.537638e-01
9.060086e-02
1.379860e-01
5.081360e-02
1.470883e-01
2.572991e-02
6.984614e-02
2.831085e-02
3.748372e-02
1.682224e-01
1.450692e-01
7.707791e-02
1.910400e-01
2.620029e-02
9.897398e-02
8.868052e-02
1.577930e-01
1.631360e-01
5.363707e-02
1.081576e-01
1.002055e-01
1.363363e-01
1.476857e-01
1.558436e-01
6.968451e-02
1.423465e-01
1.379176e-01
4.927011e-02
4.141958e-02
1.097055e-01
1.927539e-01
8.126943e-02
1.253482e-01
6.028615e-02
1.552281e-01
6.591712e-02
1.110723e-01
1.458338e-01
1.803626e-01
1.926725e-01
1.184988e-01
4.495240e-02
4.687292e-02
6.635149e-02
1.713291e-01
6.577079e-02
1.665713e-01
6.383449e-02
1.872675e-01
8.299708e-02
5.538715e-02
6.519509e-02
1.308880e-01
1.051920e-01
8.329871e-02
1.695492e-01
1.253475e-01
1.189502e-01
1.850949e-01
7.145102e-02
1.562960e-01
1.556712e-01
8.848025e-02
1.222079e-01
3.365377e-02
2.971102e-02
1.155436e-01
1.602501e-01
1.881219e-01
4.338312e-02
1.223883e-01
1.044903e-01
2.214237e-02
8.068208e-02
4.919282e-02
1.629712e-01
7.601871e-02
1.151360e-01
4.981677e-02
1.283567e-01
6.733483e-02
1.377342e-01
1.440586e-01
1.546673e-01
1.010975e-01
3.508785e-02
6.121585e-02
1.844007e-01
4.742804e-02
1.686471e-01
1.169016e-01
1.993042e-01
3.407160e-02
9.968209e-02
3.919750e-02
1.931417e-01
2.083416e-02
1.594839e-01
1.671146e-01
1.763650e-01
3.519845e-02
9.196088e-02
6.677667e-02
1.640123e-01
9.765449e-02
1.839166e-01
5.273247e-02
6.748452e-02
4.619702e-02
4.449234e-02
1.764726e-01
1.243468e-01
1.189748e-01
4.609186e-02
1.735456e-01
1.319699e-01
8.317143e-02
1.123849e-01
9.232545e-02
3.367400e-02
6.318491e-02
4.219741e-02
5.310340e-02
6.319145e-02
9.510807e-02
2.893780e-02
1.824889e-01
1.900617e-01
1.083555e-01
1.080655e-01
8.078949e-02
1.820097e-01
8.646442e-02
4.001650e-02
1.604454e-01
9.015299e-02
6.350443e-02
9.270419e-02
3.736181e-02
4.375519e-02
1.895691e-01
1.921042e-01
1.235375e-01
3.076032e-02
6.226038e-02
8.356854e-02
1.678149e-01
2.277262e-02
2.774428e-02
5.041821e-02
1.368408e-01
1.517100e-01
1.365943e-01
1.011663e-01
1.184616e-01
7.333775e-02
1.540447e-01
5.401190e-02
1.436196e-01
5.303201e-02
8.632723e-02
1.326113e-01
1.604409e-01
3.460264e-02
1.872895e-01
1.596283e-01
1.076225e-01
9.845455e-02
1.004211e-01
7.514290e-02
1.115316e-01
1.119389e-01
1.671730e-01
1.630697e-01
1.359773e-01
8.814969e-02
1.660845e-01
1.159086e-01
8.313088e-02
1.890203e-01
1.776697e-01
1.190281e-01
1.320455e-01
1.256680e-01
5.739361e-02
7.422434e-02
1.047662e-01
6.148787e-02
1.719756e-01
5.505757e-02
6.066592e-02
5.072745e-02
6.097957e-02
9.842576e-02
7.599841e-02
1.862083e-01
9.743733e-02
5.326694e-02
1.828786e-01