1.873987e-01
5.017266e-02
1.193674e-01
1.136524e-01
1.191375e-01
1.655240e-01
9.837077e-02
1.677109e-01
1.207036e-01
5.536441e-02
7.638116e-02
1.582637e-01
1.210229e-01
7.290818e-02
1.011687e-01
1.411084e-01
7.876179e-02
1.607640e-01
8.642744e-02
1.876137e-01
9.035924e-02
1.648250e-01
7.829930e-02
9.312473e-02
6.366702e-02
1.364314e-01
1.525045e-01
1.319890e-01
1.138593e-01
1.466664e-01
1.471426e-01
1.518525e-01
1.453680e-01
1.917761e-01
8.134024e-02
1.563923e-01
8.543459e-02
6.790944e-02
1.410956e-01
1.175207e-01
1.188088e-01
1.492917e-01
1.655428e-01
1.025327e-01
1.493014e-01
1.124238e-01
1.762894e-01
1.749375e-01
8.846615e-02
1.420191e-01
1.373374e-01
1.311109e-01
1.804912e-01
8.971685e-02
9.771111e-02
6.788218e-02
1.909744e-01
1.468328e-01
1.219195e-01
1.458975e-01
1.317074e-01
1.470967e-01
1.315829e-01
1.581570e-01
1.283743e-01
1.990557e-01
8.280149e-02
6.586974e-02
6.645462e-02
5.953871e-02
1.106870e-01
1.172559e-01
1.048724e-01
1.645257e-01
1.441845e-01
1.657971e-01
1.899280e-01
1.959111e-01
7.880425e-02
7.083113e-02
1.544400e-01
6.407300e-02
1.288107e-01
1.295516e-01
1.791710e-01
1.227280e-01
1.090185e-01
1.507147e-01
1.611887e-01
1.280079e-01
1.021569e-01
7.249959e-02
1.379138e-01
8.932180e-02
5.666811e-02
1.632400e-01
8.641780e-02
1.163603e-01
1.531694e-01
1.038842e-01
1.604510e-01
1.092061e-01
1.525124e-01
1.556071e-01
1.163458e-01
5.293664e-02
9.962868e-02
1.136464e-01
9.054056e-02
7.955807e-02
1.732582e-01
1.144882e-01
1.831656e-01
1.086774e-01
1.653672e-01
1.095187e-01
1.712771e-01
1.632616e-01
1.066093e-01
8.240284e-02
1.685611e-01
1.923956e-01
9.913482e-02
1.506897e-01
1.157967e-01
1.750251e-01
1.653281e-01
7.508803e-02
1.792971e-01
1.984808e-01
1.271635e-01
1.826422e-01
1.382039e-01
7.321285e-02
7.997942e-02
1.110432e-01
1.623059e-01
1.738376e-01
1.684945e-01
9.777864e-02
1.301096e-01
6.349260e-02
6.675586e-02
7.044388e-02
1.517978e-01
1.242766e-01
7.845656e-02
1.242509e-01
7.214123e-02
5.824612e-02
1.776069e-01
1.340839e-01
1.894413e-01
1.545001e-01
1.374186e-01
1.723096e-01
1.818521e-01
1.983367e-01
5.007836e-02
1.798158e-01
1.418850e-01
1.984925e-01
1.291520e-01
1.219285e-01
1.702021e-01
8.417644e-02
1.247141e-01
1.851279e-01
1.361992e-01
1.767767e-01
1.607960e-01
1.378981e-01
8.701018e-02
1.499624e-01
6.252242e-02
1.438940e-01
1.491417e-01
1.594628e-01
1.836128e-01
1.973455e-01
1.653544e-01
1.372170e-01
1.892470e-01
1.370136e-01
5.254744e-02
6.812894e-02
1.794066e-01
1.226445e-01
1.767284e-01
8.141076e-02
1.328437e-01
1.444825e-01
5.479865e-02
1.422070e-01
1.043617e-01
5.742989e-02
1.234355e-01
7.887656e-02
6.846256e-02
8.082413e-02
7.197724e-02
7.836083e-02
5.639786e-02
1.452797e-01
9.228003e-02
1.307895e-01
1.542745e-01
1.248674e-01
1.303702e-01
1.167775e-01
6.858984e-02
1.235536e-01
1.779497e-01
1.810891e-01
9.054415e-02
8.126920e-02
1.347469e-01
1.460468e-01
1.125543e-01
8.089633e-02
1.921900e-01
6.231068e-02
6.585641e-02
7.130617e-02
7.496907e-02